[app/ui]
version = 6.2
modtime = 1418626467.509985000

[app/launcher]
version = 6.2
modtime = 1418626467.513223000

[app/install/state]
version = 6.2
modtime = 1418633934.596590000
